4294967279,559
29,2
30,73
2,2
4294967278,406
132,6
132,5
132,4
132,3
132,2
132,1
4294967278,348
4294967278,367
4294967278,405
131,6
131,5
131,4
131,3
131,2
131,1
130,12
130,11
130,10
4294967278,201
130,9
130,8
130,7
130,6
130,5
130,4
130,3
130,2
130,1
4294967278,344
4294967279,555
4294967278,363
129,8
129,7
129,6
129,5
129,4
129,3
129,2
129,1
4294967278,186
4294967278,361
110,4
4294967294,14
4294967294,19
4294967294,12
30,302
4294967278,341
4294967278,360
4294967279,553
30,301
4294967278,340
4294967279,552
30,300
4294967278,359
4294967294,991
30,299
4294967278,404
4294967279,551
30,298
4294967279,542
30,297
30,296
30,295
4294967279,165
4294967278,325
30,294
4294967278,357
4294967294,1448
45,2
4294967294,501
4294967294,1039
4294967278,362
4294967278,356
45,3
4294967278,323
4294967279,518
4294967279,512
30,293
30,292
4294967278,403
4294967294,417
4294967294,462
4294967294,486
4294967294,466
4294967294,109
4294967278,355
4294967279,549
128,7
128,6
128,5
128,4
128,3
128,2
128,1
30,291
4294967279,522
30,290
30,289
4294967294,500
4294967278,402
30,288
30,287
4294967278,331
30,286
4294967279,284
30,285
4294967278,401
4294967294,1457
4294967278,352
4294967278,400
4294967278,351
4294967279,541
127,8
127,7
127,6
127,5
127,4
127,3
127,2
127,1
30,284
4294967278,399
4294967278,353
4294967279,545
4294967279,546
4294967278,250
30,283
30,282
30,281
4294967278,318
4294967294,987
4294967294,980
30,280
4294967278,398
4294967279,232
30,279
30,278
4294967278,321
126,5
126,4
126,3
126,2
126,1
4294967279,300
30,277
4294967279,318
30,276
4294967294,499
4294967294,481
4294967279,548
4294967279,537
125,4
125,3
125,2
125,1
59,4
30,275
30,274
45,4
4294967279,547
30,243
4294967278,297
4294967279,534
30,242
4294967278,397
30,241
4294967279,533
4294967294,1471
4294967294,1459
30,240
30,239
4294967278,178
30,238
30,237
4294967294,461
4294967278,172
4294967278,326
30,236
30,273
4294967279,171
4294967278,396
30,272
4294967279,539
4294967279,528
4294967294,1456
4294967279,515
4294967279,527
4294967278,156
122,7
122,6
122,5
122,4
122,3
122,2
122,1
4294967278,334
6,4
30,271
4294967279,525
4294967279,136
4294967279,535
121,6
121,5
121,4
121,3
121,2
121,1
20,4
30,270
4294967278,333
4294967279,523
30,269
4294967294,1449
39,3
4294967294,1438
4294967278,346
39,0
39,1
39,7
39,2
4294967279,133
4294967279,538
30,268
4294967279,276
30,267
71,7
71,6
71,5
4294967294,1470
4294967294,1469
4294967294,498
4294967279,521
71,4
30,266
4294967278,330
4294967278,343
4294967278,342
4294967278,339
4294967278,338
4294967278,337
4294967278,336
4294967279,531
4294967279,530
4294967279,529
30,265
30,264
55,1
55,0
55,2
4294967278,395
55,3
4294967294,497
4294967278,394
28,1
28,0
28,2
28,3
4294967294,1433
4294967278,329
11,1
11,0
11,2
4294967294,442
4294967279,526
11,3
4294967278,319
4294967294,473
4294967294,480
55,5
28,7
11,6
54,5
35,5
5,5
30,263
4294967279,519
4294967294,479
4294967294,459
4294967294,160
4294967294,456
4294967294,189
120,7
120,6
120,5
120,4
120,3
120,2
120,1
30,262
30,261
4294967279,224
4294967294,81
4294967279,517
4294967278,328
4294967279,215
119,4
119,3
119,2
119,1
30,260
30,259
4294967279,205
30,258
4294967278,299
4294967279,316
4294967278,393
4294967279,191
4294967294,496
4294967278,317
4294967279,189
4294967278,187
4294967294,426
4294967294,108
4294967294,460
4294967294,113
4294967294,393
4294967279,315
4294967279,297
4294967294,402
4294967294,983
4294967294,1025
4294967294,1027
4294967294,187
4294967278,296
4294967278,392
4294967279,173
30,257
30,0
4294967278,320
4294967278,166
4294967294,1468
4294967294,411
4294967294,1426
4294967294,594
4294967294,412
4294967294,455
4294967294,464
4294967278,391
30,256
4294967278,161
71,3
71,8
71,2
30,235
30,234
4294967278,154
4294967279,154
113,10
4294967294,495
4294967294,1467
4294967294,1466
4294967278,390
114,26
4294967294,127
4294967294,176
30,233
4294967278,389
30,232
118,7
118,6
118,5
118,4
4294967278,143
118,3
118,2
118,1
4294967279,143
30,231
30,230
4294967278,388
4294967279,141
4294967294,1453
4294967278,140
4294967278,284
4294967294,1454
30,229
30,228
4294967279,319
4294967279,273
4294967278,387
30,227
4294967278,268
4294967278,290
4294967279,290
4294967278,289
4294967278,288
4294967279,285
30,226
4294967294,416
4294967294,404
4294967294,112
4294967294,478
4294967294,448
4294967294,1452
4294967279,313
30,225
4294967279,311
30,224
30,223
4294967278,310
4294967279,282
30,222
30,221
4294967278,276
30,220
30,219
4294967294,1465
30,218
30,217
4294967278,258
30,216
30,215
4294967279,304
115,5
115,4
115,3
115,2
115,1
30,214
30,213
4294967279,254
30,212
30,211
4294967294,1464
4294967294,1463
114,25
4294967278,249
114,24
114,23
114,22
114,21
114,20
114,19
114,18
114,17
114,16
114,15
4294967278,239
114,14
114,13
4294967278,238
114,12
4294967279,239
114,11
114,10
114,9
4294967278,234
114,8
4294967279,235
114,7
114,6
114,5
114,4
114,3
114,2
114,1
4294967294,1437
4294967294,494
30,210
30,209
4294967278,227
30,208
30,207
4294967279,228
30,206
113,9
113,8
113,7
113,6
113,5
113,4
113,3
113,2
113,1
4294967279,218
4294967278,216
30,205
30,204
4294967294,1152
4294967294,1450
4294967294,471
4294967294,992
5,3
5,0
5,1
5,16
5,2
4294967294,1458
4294967294,1451
4294967294,52
4294967278,205
4294967278,300
30,203
4294967279,206
4294967278,204
4294967278,202
4294967294,963
4294967294,973
4294967294,1026
4294967294,161
4294967294,1028
4294967294,974
4294967278,203
4294967279,204
112,9
4294967279,203
4294967294,1462
112,8
4294967279,317
30,202
30,201
112,7
112,6
112,5
112,4
112,3
112,2
112,1
4294967279,194
30,200
30,199
4294967278,314
4294967294,396
4294967294,409
4294967294,183
4294967294,392
4294967294,450
4294967294,116
4294967294,474
4294967294,1432
4294967279,187
111,10
111,9
111,8
111,7
111,6
111,5
111,4
4294967278,180
111,3
111,2
111,1
16,4
30,198
30,197
4294967278,315
30,196
4294967278,386
30,195
30,194
30,193
4294967279,170
4294967279,296
30,192
4294967278,168
4294967279,312
4294967278,165
30,191
4294967278,313
4294967278,163
30,190
4294967279,164
30,189
4294967278,385
4294967279,162
30,188
4294967278,160
30,187
30,186
4294967279,160
30,185
4294967278,158
4294967279,159
4294967279,279
4294967294,493
4294967294,420
4294967294,1447
4294967278,293
4294967278,151
110,8
110,7
4294967278,148
4294967278,150
4294967279,150
110,3
110,2
110,1
30,184
4294967279,148
4294967279,293
30,183
4294967278,311
30,182
30,181
4294967278,145
4294967278,384
4294967279,310
4294967278,291
4294967279,140
4294967279,139
4294967278,138
4294967278,135
4294967279,292
30,180
4294967279,135
4294967279,263
30,179
4294967278,134
4294967279,291
